1 1 0 0.5 14 49 13 
1 1 45 0.5 14 43 11 
1 1 90 0.5 17 51 15 
1 1 135 0.5 10 40 7 
1 1 180 0.5 15 50 13 
1 1 225 0.5 15 38 9 
1 1 270 0.5 15 54 12 
1 1 315 0.5 14 41 11 
1 1 0 1.0 297 351 266 
1 1 45 1.0 136 187 106 
1 1 90 1.0 295 341 250 
1 1 135 1.0 138 197 114 
1 1 180 1.0 314 355 279 
1 1 225 1.0 140 198 117 
1 1 270 1.0 280 331 234 
1 1 315 1.0 141 194 117 
1 1 0 1.5 105 173 78 
1 1 45 1.5 88 148 64 
1 1 90 1.5 72 142 50 
1 1 135 1.5 85 152 60 
1 1 180 1.5 66 158 49 
1 1 225 1.5 86 142 65 
