212
71
277
314
107
79
9
139
29
225
281
268
68
169
144
274
9
99
75
131
48
28
165
144
9
1
45
16
80
1
15
50
35
0
49
38
0
4
10
220
2
138
184
272
36
92
254
4
18
90
16
23
13
27
279
94
85
261
168
54
68
97
263
106
20
2
66
406
227
39
0
321
12
8
50
12
267
58
0
354
0
147
1
67
1
104
7
85
88
59
214
320
380
158
125
331
0
105
372
330
14
13
0
9
34
4
203
377
13
32
146
111
0
111
79
360
13
65
109
21
4
31
10
10
119
335
5
4
114
37
21
12
373
0
266
264
3
236
41
2
103
16
136
196
0
471
84
2
76
3
124
100
34
1
79
16
23
0
303
257
1
66
81
27
208
146
105
45
466
1
259
318
238
111
37
135
35
96
6
1
427
0
254
260
117
4
22
240
357
55
6
58
244
11
13
19
41
50
40
1
3
0
16
35
19
274
36
147
279
73
183
0
30
269
285
10
61
156
1
53
280
64
194
179
15
0
28
193
52
153
35
142
49
246
35
0
4
167
0
32
3
4
0
0
23
35
33
6
15
0
110
8
497
13
486
0
70
115
198
6
45
176
368
51
76
21
10
166
0
4
1
1
5
92
50
4
231
10
17
0
0
480
188
27
50
0
24
39
3
178
14
19
18
0
0
12
18
57
7
47
3
296
59
3
152
0
0
0
23
26
11
81
1
0
10
44
131
0
343
15
134
24
18
0
0
256
9
12
0
2
33
325
260
107
3
8
0
1
0
8
0
53
64
0
0
236
23
302
62
2
6
149
28
57
123
9
8
0
27
0
83
32
37
10
0
0
299
271
1
52
0
0
0
0
43
0
184
5
209
240
11
5
2
9
95
0
0
20
2
0
4
19
115
0
77
150
161
136
0
113
69
15
9
19
20
5
12
0
11
83
9
17
0
3
0
2
1
14
1
281
6
69
26
90
165
4
2
14
158
27
75
6
0
38
0
159
261
46
51
8
8
1
0
47
1
16
3
11
5
1
7
3
29
40
138
16
191
39
17
26
0
106
0
0
72
0
0
0
1
2
55
421
0
7
151
8
2
8
0
15
104
0
6
4
